[problem]
robot = car2_planar_robot.dae
world = UniqueSolutionMaze_env.dae
objective = length
objective.threshold = 10000.0
control = kinematic_car
start.x = 2.0
start.y = 20.0
start.theta = 1.5707963267948966
goal.x = 2.0
goal.y = 45.0
goal.theta = 1.5707963267948966
volume.min.x = -50.362205505371094
volume.min.y = -49.79313278198242
volume.max.x = 49.637794494628906
volume.max.y = 50.20686721801758

